"Year" "Transect" "Thalassia" "Halophila" "Halodule" "Syringodium"
"1" 2009 1 1.1 0 0.3 27.3
"2" 2010 1 0 0 0 1
"3" 2010 2 0 0 0 4.5
"4" 2010 3 0 0 0 1.4
"5" 2010 4 0 0 0 1.2
"6" 2010 5 0 0 0 1.6
"7" 2010 6 0.1 0 0 5.6
"8" 2010 7 0 0 0 0.2
"9" 2011 1 0 0 0 1.1
"10" 2011 2 1.1 0 0.9 0
"11" 2011 3 0.1 0 0.3 4.1
"12" 2011 4 0.1 0 0 0.5
"13" 2011 5 0 0 0 0
"14" 2011 6 0 0 0 0.9
"15" 2011 7 0 0 0 0
"16" 2011 8 0 0 0 2.3
"17" 2011 9 0.1 0 0 0.2
"18" 2011 10 0 0 0 0
"19" 2011 11 0 0 0.1 0
"20" 2011 12 0 0 0 0.2
"21" 2011 13 0 0 0 0
"22" 2012 1 0 0 0.3 4
"23" 2012 2 0 0 1.1 1.5
"24" 2012 3 0 0 0 3.25
"25" 2012 4 0 0 0.2 3.7
"26" 2012 6 0.5 0 0.5 4.05
"27" 2012 7 0 0 0 0
"28" 2012 8 0 0 0.1 1.3
"29" 2012 9 0 0 0.95 8.1
"30" 2013 1 0 0 21.5 0
"31" 2013 2 0 0 13.1 0
"32" 2013 3 0 0 10.9 0
"33" 2013 4 0 0 0 10.2
"34" 2013 5 0 0 0 7.8
"35" 2013 6 0 0 0 23.8
"36" 2013 7 0 0 0 1.5
"37" 2013 8 0 0 0 2.2
"38" 2013 9 0 0 0 1.88
"39" 2013 10 0 0 0 7
"40" 2013 11 0 0 0 11.4
"41" 2013 12 0 0 0 13.5
"42" 2014 1 0 0 0 0
"43" 2014 2 0 16.5 0 15.5
"44" 2014 3 0 4.1 34.5 4
"45" 2014 4 0 30.5 0 12.5
"46" 2014 5 0 0 33.1 0
"47" 2014 6 0 0 0 18.5
"48" 2015 1 0 89.5 0 0.8
"49" 2015 2 0 39.5 0 10.5
"50" 2015 3 0 2.7 0 4.5
"51" 2015 4 0 49 0 3.5
"52" 2015 5 0 73.5 0 1.9
"53" 2015 6 0 0.6 0 7
"54" 2015 7 0 60.7 0 0
"55" 2015 8 0 59 0 3.9
"56" 2015 9 0 0 0 18.6
"57" 2015 10 0 0 1 7.9
"58" 2015 11 0 85 0 3.4
"59" 2015 12 0 0 0 18.5
"60" 2016 1 0 81.7 0 0
"61" 2016 2 0 62.4 0.2 0.9
"62" 2016 3 0 6 3.8 10
"63" 2016 4 0 55.5 0 0.3
"64" 2016 5 0 59.8 0 2.2
"65" 2016 6 0 44.5 0 0.1
"66" 2016 7 0 88 0 3.1
"67" 2016 8 0 67.8 0 0
"68" 2016 9 0 94.6666666666667 0 1
"69" 2016 10 0 94.7272727272727 0 0.0909090909090909
"70" 2017 1 0 15.9 0 0
"71" 2017 2 0 0.3 0 0.4
"72" 2017 3 0 0 0 0
"73" 2017 4 0 27.2 0 0
"74" 2017 5 0 1 0 0
"75" 2017 6 0 0 0.001 0
"76" 2017 7 0 33.3333333333333 0 0
"77" 2017 8 0 1.45 0 0
"78" 2017 9 0 2.55 0.05 0
"79" 2018 1 0 85.6 0 2.2
"80" 2018 2 0 65.4 0 0.2
"81" 2018 3 0 25.5 0.5 1.5
"82" 2018 4 0 70.3 0 0
"83" 2018 5 0 41 0.4 0
"84" 2018 6 0 0.2 0.1 0
"85" 2018 7 0 77.05 0 0
"86" 2018 8 0 33.3 0 0
"87" 2018 9 0 59.6 0 0
"88" 2019 1 0 52.5 0 2.875
"89" 2019 2 0 62.7 0 0.5
"90" 2019 3 0 17 3.8 0.2
"91" 2019 4 0 84.1 0 0
"92" 2019 5 0 79.5 0 0
"93" 2019 6 0 68 8.5 0
"94" 2019 7 0 52.5 0 0
"95" 2019 8 0 40.5 0 0
"96" 2019 9 0 21 2.5 0.1
"97" 2020 1 0 82.5 0 0
"98" 2020 2 0 83 0 0
"99" 2020 3 0 81.5 0 0.5
"100" 2020 4 0 73.5 0 0.5
"101" 2020 5 0 78.7 0 0
"102" 2020 6 0 84.9 0 0.4
"103" 2020 7 0 21 0.3 0
"104" 2020 8 0 29.9 1.6 0
"105" 2020 9 0 20 0.5 0
"106" 2021 1 0 80 0 4.2
"107" 2021 2 0 80.3 0 0
"108" 2021 3 0 66 0 10.5
"109" 2021 4 0 92.3 0 0
"110" 2021 5 0 81.1 0 1
"111" 2021 6 0 88.3 0 0
"112" 2021 7 0 77.5 0 4
"113" 2021 8 0 79 0 0
"114" 2021 9 0 51.5 0 5.3
"115" 2021 10 0 82.5 0 0
"116" 2022 1 0 80.8888888888889 0 0
"117" 2022 2 0 57.5 0 0
"118" 2022 3 0 22.5 0 0
"119" 2022 4 0 51.9 4.4 0
"120" 2022 5 0 49.8 0 0
"121" 2022 6 0 12.1 1.2 0
"122" 2022 7 0 61 1.4 4.5
"123" 2022 8 0 65 0.4 0
"124" 2022 9 0 23.9 0 0.7
"125" 2022 10 0 66.4 0 5
"126" 2022 11 0 41.4 0 2.4
"127" 2022 12 0 42.8 0 0
